1 523391 4 1
1 991199 2 1
1 783 1 1
1 785983 4 1
1 267910655 4 1
1 872284031 4 1
1 1041403 2 1
1 1067446267 4 1
1 973012927 4 1
1 1034231 2 1
1 1040327 2 1
1 130559 2 1
1 1023393775 2 1
1 991215 32 1
1 933823 2 1
1 1044451 2 1
1 1019887 2 1
1 973045727 2 1
1 1032079 2 1
1 1090913296375 1 1
1 1082314964975 1 1
1 1061154811 2 1
1 543 1 1
1 1048559599 4 1
1 872349631 2 1
1 1046513 2 1
1 961938325375 1 1
1 589759 4 1
1 950175 8 1
1 1097362044925 1 1
1 1045500 8 1
1 963 1 1
1 1030724976575 1 1
1 1065118302175 1 1
1 670957439 2 1
1 1036275 8 1
1 1095212462075 1 1
1 1048567799 2 1
1 589567 2 1
1 1023377375 4 1
1 824365022975 1 1
1 819167 4 1
1 903 1 1
1 268173055 2 1
1 1042425 8 1
1 549218418175 1 1
1 1040369 4 1
1 933871 4 1
1 1041406 4 1
1 993 1 1
1 1015751 4 1
1 1067448317 2 1
1 1008 1 1
1 63 1 1
1 819071 2 1
1 1015583 2 1
1 982591 2 1
1 589695 32 1
1 1036263 64 1
1 1047544 2 1
1 851871 16 1
1 130943 4 1
1 1061150711 4 1
1 1019899 4 1
1 1034235 32 1
1 1034237 4 1
1 670826239 4 1
1 982927 4 1
1 991223 4 1
1 261375 8 1
1 917279 4 1
1 1032163 4 1
1 1070594045 4 1
1 1023975 8 1
1 654975 8 1
1 851775 8 1
1 999375 8 1
1 655167 16 1
1 950223 16 1
1 261759 16 1
1 819135 32 1
1 933855 32 1
1 130815 32 1
1 1041405 32 1
1 1019895 32 1
1 1045497 64 1
1 1042419 64 1
2 1066394617 20 0.666667
2 1066394617 68 0.666667
2 1066394617 66 1.33333
2 1066394617 34 1.33333
2 1066394617 12 1.33333
2 1066394617 10 1.33333
2 133299839 66 0.666667
2 133299839 18 0.666667
2 133299839 36 1.33333
2 133299839 20 1.33333
2 133299839 10 1.33333
2 133299839 12 1.33333
2 1044352999 20 0.666667
2 1044352999 10 1.33333
2 1044352999 34 1.33333
2 1044352999 12 1.33333
2 1044352999 66 1.33333
2 1044352999 68 0.666667
2 603520831 66 0.666667
2 603520831 20 1.33333
2 603520831 10 1.33333
2 603520831 18 0.666667
2 603520831 12 1.33333
2 603520831 36 1.33333
2 1059047411 10 1.33333
2 1059047411 68 0.666667
2 1059047411 66 1.33333
2 1059047411 12 1.33333
2 1059047411 34 1.33333
2 1059047411 20 0.666667
2 838631327 66 0.666667
2 838631327 12 1.33333
2 838631327 36 1.33333
2 838631327 18 0.666667
2 838631327 20 1.33333
2 838631327 10 1.33333
2 956186575 66 0.666667
2 956186575 18 0.666667
2 956186575 36 1.33333
2 956186575 20 1.33333
2 956186575 10 1.33333
2 956186575 12 1.33333
2 1061130211 34 0.666667
2 1061130211 68 0.666667
2 1061130211 66 1.33333
2 1061130211 10 2
2 1061130211 12 1.33333
2 972963727 36 0.666667
2 972963727 12 2
2 972963727 18 0.666667
2 972963727 10 1.33333
2 972963727 20 1.33333
2 872185631 18 0.666667
2 872185631 36 0.666667
2 872185631 20 1.33333
2 872185631 10 1.33333
2 872185631 12 2
2 1067436017 34 0.666667
2 1067436017 12 1.33333
2 1067436017 10 2
2 1067436017 66 1.33333
2 1067436017 68 0.666667
2 670629439 36 0.666667
2 670629439 12 2
2 670629439 18 0.666667
2 670629439 10 1.33333
2 670629439 20 1.33333
2 1059049457 36 1.33333
2 1059049457 34 0.666667
2 1059049457 12 0.666667
2 1059049457 68 0.666667
2 1059049457 18 0.666667
2 1059049457 40 0.666667
2 1059049457 10 0.666667
2 1059047417 12 1.33333
2 1059047417 10 1.33333
2 1059047417 20 0.666667
2 1059047417 66 0.666667
2 1059047417 36 1.33333
2 1014972359 34 0.666667
2 1014972359 12 0.666667
2 1014972359 18 0.666667
2 1014972359 40 0.666667
2 1014972359 10 0.666667
2 1014972359 36 1.33333
2 1014972359 68 0.666667
2 838631231 66 0.666667
2 838631231 12 1.33333
2 838631231 34 1.33333
2 838631231 20 0.666667
2 838631231 10 1.33333
2 956186527 66 0.666667
2 956186527 12 1.33333
2 956186527 34 1.33333
2 956186527 20 0.666667
2 956186527 10 1.33333
2 1014964175 66 0.666667
2 1014964175 34 1.33333
2 1014964175 20 0.666667
2 1014964175 10 1.33333
2 1014964175 12 1.33333
2 956252047 10 0.666667
2 956252047 12 0.666667
2 956252047 34 1.33333
2 956252047 36 0.666667
2 956252047 68 0.666667
2 956252047 18 0.666667
2 956252047 40 0.666667
2 838762271 68 0.666667
2 838762271 36 0.666667
2 838762271 10 0.666667
2 838762271 34 1.33333
2 838762271 12 0.666667
2 838762271 40 0.666667
2 838762271 18 0.666667
2 603586111 68 0.666667
2 603586111 36 1.33333
2 603586111 10 0.666667
2 603586111 40 0.666667
2 603586111 18 0.666667
2 603586111 12 0.666667
2 603586111 34 0.666667
2 1014996935 10 0.666667
2 1014996935 36 0.666667
2 1014996935 18 0.666667
2 1014996935 40 0.666667
2 1014996935 68 0.666667
2 1014996935 12 0.666667
2 1014996935 34 1.33333
2 956202895 18 0.666667
2 956202895 40 0.666667
2 956202895 10 0.666667
2 956202895 36 1.33333
2 956202895 68 0.666667
2 956202895 34 0.666667
2 956202895 12 0.666667
2 838663967 68 0.666667
2 838663967 40 0.666667
2 838663967 18 0.666667
2 838663967 36 1.33333
2 838663967 10 0.666667
2 838663967 12 0.666667
2 838663967 34 0.666667
2 1044369379 10 0.666667
2 1044369379 18 0.666667
2 1044369379 40 0.666667
2 1044369379 34 1.33333
2 1044369379 12 0.666667
2 1044369379 36 0.666667
2 1044369379 68 0.666667
2 1044357091 10 0.666667
2 1044357091 68 0.666667
2 1044357091 36 1.33333
2 1044357091 34 0.666667
2 1044357091 12 0.666667
2 1044357091 18 0.666667
2 1044357091 40 0.666667
2 603520639 66 0.666667
2 603520639 34 1.33333
2 603520639 20 0.666667
2 603520639 10 1.33333
2 603520639 12 1.33333
2 1059055601 10 0.666667
2 1059055601 68 0.666667
2 1059055601 36 0.666667
2 1059055601 34 1.33333
2 1059055601 12 0.666667
2 1059055601 18 0.666667
2 1059055601 40 0.666667
2 133299455 66 0.666667
2 133299455 12 1.33333
2 133299455 34 1.33333
2 133299455 20 0.666667
2 133299455 10 1.33333
2 1014964199 66 0.666667
2 1014964199 36 1.33333
2 1014964199 12 1.33333
2 1014964199 20 0.666667
2 1014964199 10 1.33333
2 603782719 68 0.666667
2 603782719 12 0.666667
2 603782719 34 1.33333
2 603782719 10 0.666667
2 603782719 40 0.666667
2 603782719 18 0.666667
2 603782719 36 0.666667
2 1044353011 10 1.33333
2 1044353011 20 0.666667
2 1044353011 66 0.666667
2 1044353011 36 1.33333
2 1044353011 12 1.33333
2 267517055 36 0.666667
2 267517055 12 2
2 267517055 18 0.666667
2 267517055 10 0.666667
2 267517055 20 1.33333
2 133430399 68 0.666667
2 133430399 36 1.33333
2 133430399 40 0.666667
2 133430399 18 0.666667
2 133430399 12 0.666667
2 133430399 34 0.666667
2 1061144561 36 0.666667
2 1061144561 12 2
2 1061144561 10 1.33333
2 1061144561 20 0.666667
2 1048547299 36 0.666667
2 1048547299 20 0.666667
2 1048547299 10 1.33333
2 1048547299 12 2
2 871956031 66 0.666667
2 871956031 34 0.666667
2 871956031 10 2
2 871956031 12 1.33333
2 1023295375 66 0.666667
2 1023295375 34 0.666667
2 1023295375 10 2
2 1023295375 12 1.33333
2 972848927 66 0.666667
2 972848927 34 0.666667
2 972848927 10 2
2 972848927 12 1.33333
2 1023352775 36 0.666667
2 1023352775 20 0.666667
2 1023352775 10 1.33333
2 1023352775 12 2
2 1048518599 66 0.666667
2 1048518599 34 0.666667
2 1048518599 10 2
2 1048518599 12 1.33333
2 1066398712 10 0.666667
2 1066398712 36 0.666667
2 1066398712 34 1.33333
2 1066398712 68 0.666667
2 1066398712 18 0.666667
2 1066394620 12 0.666667
2 1066394620 36 1.33333
2 1066394620 10 1.33333
2 1066394620 20 0.666667
2 1070588920 12 0.666667
2 1070588920 10 0.666667
2 1070588920 34 0.666667
2 1070588920 66 1.33333
2 1070588920 68 0.666667
2 274071682559 36 0.666667
2 274071682559 3 0.666667
2 274071682559 20 1.33333
2 274071682559 10 0.666667
2 618072243967 18 0.666667
2 618072243967 36 0.666667
2 618072243967 10 0.666667
2 618072243967 5 1.33333
2 1086614114299 34 0.666667
2 1086614114299 12 0.666667
2 1086614114299 66 1.33333
2 1086614114299 5 0.666667
2 979202162671 3 1.33333
2 979202162671 68 0.666667
2 979202162671 34 0.666667
2 979202162671 12 0.666667
2 821985183 9 1.33333
2 821985183 80 0.666667
2 821985183 6 1.33333
2 893151641471 36 0.666667
2 893151641471 3 0.666667
2 893151641471 10 0.666667
2 893151641471 20 1.33333
3 821837583 22 1.33333
3 821837583 44 0.666667
3 821837583 42 0.666667
3 821837583 38 2
3 821837583 70 0.666667
3 821837583 100 0.666667
3 821837583 50 0.666667
3 821837583 14 3.33333
3 1042253793 70 1.33333
3 1042253793 50 0.666667
3 1042253793 44 0.666667
3 1042253793 22 0.666667
3 1042253793 42 0.666667
3 1042253793 38 2
3 1042253793 14 3.33333
3 1042253793 100 0.666667
3 569933343 22 1.33333
3 569933343 44 0.666667
3 569933343 50 0.666667
3 569933343 38 2
3 569933343 70 0.666667
3 569933343 100 0.666667
3 569933343 14 3.33333
3 569933343 42 0.666667
3 1010765763 70 1
3 1010765763 100 0.666667
3 1010765763 44 0.666667
3 1010765763 22 0.666667
3 1010765763 42 0.666667
3 1010765763 38 2
3 1010765763 14 3.33333
3 1010765763 50 0.666667
3 947789703 100 0.666667
3 947789703 42 0.666667
3 947789703 38 2
3 947789703 70 0.666667
3 947789703 50 0.666667
3 947789703 14 3.33333
3 947789703 44 0.666667
3 947789703 22 1
3 66124863 42 0.333333
3 66124863 22 1.33333
3 66124863 44 0.666667
3 66124863 38 2
3 66124863 70 0.666667
3 66124863 100 0.666667
3 66124863 50 0.666667
3 66124863 14 3.33333
3 813448991 44 1
3 813448991 42 0.666667
3 813448991 50 0.333333
3 813448991 82 0.333333
3 813448991 104 0.333333
3 813448991 52 0.666667
3 813448991 74 0.333333
3 813448991 100 0.666667
3 813448991 98 0.333333
3 813448991 76 0.333333
3 943656931 44 0.666667
3 943656931 42 1
3 943656931 98 0.666667
3 943656931 84 0.333333
3 943656931 100 0.333333
3 943656931 56 0.333333
3 943656931 26 0.333333
3 943656931 50 0.666667
3 943656931 28 0.333333
3 943656931 52 0.333333
3 1008699377 98 0.666667
3 1008699377 42 1
3 1008699377 44 0.666667
3 1008699377 100 0.333333
3 1008699377 56 0.333333
3 1008699377 84 0.333333
3 1008699377 26 0.333333
3 1008699377 52 0.333333
3 1008699377 50 0.666667
3 1008699377 28 0.333333
3 943595407 42 0.666667
3 943595407 50 0.333333
3 943595407 44 1
3 943595407 52 0.666667
3 943595407 74 0.333333
3 943595407 104 0.333333
3 943595407 82 0.333333
3 943595407 100 0.666667
3 943595407 76 0.333333
3 943595407 98 0.333333
3 553156159 42 0.666667
3 553156159 50 0.333333
3 553156159 44 1
3 553156159 52 0.666667
3 553156159 74 0.333333
3 553156159 100 0.666667
3 553156159 104 0.333333
3 553156159 82 0.333333
3 553156159 98 0.333333
3 553156159 76 0.333333
3 956055055 44 0.666667
3 956055055 42 0.666667
3 956055055 50 0.333333
3 956055055 52 0.666667
3 956055055 74 0.333333
3 956055055 76 0.333333
3 956055055 98 1
3 956055055 100 0.333333
3 956055055 104 0.333333
3 956055055 82 0.333333
3 136431336959 21 0.666667
3 136431336959 11 0.666667
3 136431336959 13 1
3 136431336959 37 0.333333
3 136431336959 67 0.333333
3 136431336959 100 0.333333
3 136431336959 84 0.666667
3 136431336959 19 0.333333
3 136431336959 74 0.333333
3 841561817071 11 0.666667
3 841561817071 19 0.333333
3 841561817071 13 0.666667
3 841561817071 67 1
3 841561817071 37 0.666667
3 841561817071 21 0.666667
3 841561817071 98 0.333333
3 841561817071 76 0.333333
3 858741555071 21 0.666667
3 858741555071 11 0.666667
3 858741555071 13 1
3 858741555071 37 0.333333
3 858741555071 67 0.333333
3 858741555071 100 0.333333
3 858741555071 19 0.333333
3 858741555071 74 0.333333
3 858741555071 84 0.666667
3 956178307 42 0.666667
3 956178307 44 0.666667
3 956178307 98 0.333333
3 956178307 26 0.333333
3 956178307 56 0.333333
3 956178307 52 1
3 956178307 84 0.333333
3 956178307 28 0.333333
3 956178307 50 0.333333
3 1044320131 100 0.333333
3 1044320131 104 0.333333
3 1044320131 82 0.333333
3 1044320131 42 0.666667
3 1044320131 76 0.333333
3 1044320131 98 1
3 1044320131 44 0.666667
3 1044320131 52 0.333333
3 1044320131 74 0.333333
3 603487759 50 0.333333
3 603487759 28 0.333333
3 603487759 56 0.333333
3 603487759 26 0.333333
3 603487759 52 1
3 603487759 42 0.666667
3 603487759 98 0.333333
3 603487759 44 0.666667
3 603487759 84 0.333333
3 1059030977 42 0.666667
3 1059030977 44 0.666667
3 1059030977 100 0.333333
3 1059030977 52 0.333333
3 1059030977 74 0.333333
3 1059030977 98 1
3 1059030977 76 0.333333
3 1059030977 104 0.333333
3 1059030977 82 0.333333
3 1014898439 104 0.333333
3 1014898439 82 0.333333
3 1014898439 100 0.333333
3 1014898439 44 0.666667
3 1014898439 76 0.333333
3 1014898439 98 1
3 1014898439 74 0.333333
3 1014898439 52 0.333333
3 1014898439 42 0.666667
3 32570495 52 0.666667
3 32570495 42 0.333333
3 32570495 50 0.333333
3 32570495 44 1
3 32570495 100 0.666667
3 32570495 104 0.333333
3 32570495 82 0.333333
3 32570495 76 0.333333
3 32570495 98 0.333333
3 1041205219 104 0.333333
3 1041205219 82 0.333333
3 1041205219 76 0.333333
3 1041205219 98 0.333333
3 1041205219 42 0.666667
3 1041205219 44 1
3 1041205219 52 0.333333
3 1041205219 74 0.333333
3 1041205219 100 0.666667
3 33062687 56 0.333333
3 33062687 28 0.333333
3 33062687 50 0.666667
3 33062687 26 0.333333
3 33062687 42 1
3 33062687 52 0.333333
3 33062687 98 0.333333
3 33062687 44 0.666667
3 33062687 84 0.333333
3 838614791 42 0.666667
3 838614791 44 0.666667
3 838614791 98 0.333333
3 838614791 56 0.333333
3 838614791 26 0.333333
3 838614791 84 0.333333
3 838614791 52 1
3 838614791 50 0.333333
3 838614791 28 0.333333
3 841578512159 11 0.333333
3 841578512159 37 0.666667
3 841578512159 35 0.333333
3 841578512159 13 0.333333
3 841578512159 112 0.333333
3 841578512159 38 0.666667
3 841578512159 69 0.333333
3 841578512159 41 1
3 841578512159 19 0.333333
3 1008668615 100 0.666667
3 1008668615 104 0.333333
3 1008668615 82 0.333333
3 1008668615 42 0.666667
3 1008668615 74 0.333333
3 1008668615 52 0.333333
3 1008668615 44 1
3 1008668615 98 0.333333
3 1008668615 76 0.333333
3 841696100239 69 0.333333
3 841696100239 37 0.333333
3 841696100239 19 0.333333
3 841696100239 41 1
3 841696100239 11 0.333333
3 841696100239 38 0.666667
3 841696100239 35 0.666667
3 841696100239 112 0.333333
3 841696100239 13 0.333333
3 813572039 50 0.666667
3 813572039 28 0.333333
3 813572039 84 0.333333
3 813572039 56 0.333333
3 813572039 42 1
3 813572039 52 0.333333
3 813572039 98 0.333333
3 813572039 44 0.666667
3 813572039 26 0.333333
3 553402255 56 0.333333
3 553402255 84 0.333333
3 553402255 52 0.333333
3 553402255 42 1
3 553402255 98 0.333333
3 553402255 50 0.666667
3 553402255 28 0.333333
3 553402255 44 0.666667
3 553402255 26 0.333333
3 979201965967 69 0.333333
3 979201965967 37 0.333333
3 979201965967 35 0.666667
3 979201965967 13 0.333333
3 979201965967 84 0.333333
3 979201965967 41 0.333333
3 979201965967 19 1
3 979201965967 50 0.333333
3 979201965967 28 0.333333
3 979201965967 11 0.333333
3 618072145471 35 0.333333
3 618072145471 13 0.333333
3 618072145471 11 0.333333
3 618072145471 100 0.333333
3 618072145471 82 0.333333
3 618072145471 37 0.666667
3 618072145471 19 0.333333
3 618072145471 41 0.333333
3 618072145471 74 0.333333
3 618072145471 69 1
3 1014960065 84 0.333333
3 1014960065 26 0.333333
3 1014960065 56 0.333333
3 1014960065 52 1
3 1014960065 42 0.666667
3 1014960065 98 0.333333
3 1014960065 44 0.666667
3 1014960065 28 0.333333
3 1014960065 50 0.333333
3 841696034767 11 0.666667
3 841696034767 21 0.666667
3 841696034767 84 0.333333
3 841696034767 19 0.333333
3 841696034767 13 1.33333
3 841696034767 67 0.333333
3 841696034767 37 0.666667
3 133233695 42 0.666667
3 133233695 44 0.666667
3 133233695 98 0.333333
3 133233695 52 1
3 133233695 84 0.333333
3 133233695 56 0.333333
3 133233695 28 0.333333
3 133233695 50 0.333333
3 1035024175099 11 0.666667
3 1035024175099 21 0.333333
3 1035024175099 74 0.666667
3 1035024175099 42 0.333333
3 1035024175099 67 0.333333
3 1035024175099 37 0.666667
3 1035024175099 13 1
3 583611776767 11 0.666667
3 583611776767 26 0.333333
3 583611776767 21 1
3 583611776767 52 0.333333
3 583611776767 67 0.333333
3 583611776767 35 0.666667
3 583611776767 13 0.666667
3 841561702271 21 0.333333
3 841561702271 11 1
3 841561702271 44 0.333333
3 841561702271 28 0.666667
3 841561702271 35 0.666667
3 841561702271 13 0.666667
3 841561702271 67 0.333333
3 67711925759 21 0.333333
3 67711925759 11 1
3 67711925759 44 0.333333
3 67711925759 28 0.666667
3 67711925759 67 0.333333
3 67711925759 13 0.666667
3 67711925759 35 0.666667
3 1069383880699 11 1
3 1069383880699 13 0.666667
3 1069383880699 35 0.333333
3 1069383880699 28 0.333333
3 1069383880699 50 0.333333
3 1069383880699 82 0.666667
3 1069383880699 67 0.333333
3 1069383880699 21 0.333333
3 617971482367 21 0.666667
3 617971482367 11 0.666667
3 617971482367 44 0.333333
3 617971482367 19 0.333333
3 617971482367 13 1.66667
3 617971482367 26 0.333333
3 617971482367 37 0.333333
3 1084464531449 37 0.666667
3 1084464531449 13 1
3 1084464531449 35 0.333333
3 1084464531449 67 1
3 1084464531449 11 0.666667
3 1084464531449 21 0.333333
3 618005036671 11 1
3 618005036671 21 1
3 618005036671 37 0.333333
3 618005036671 67 0.333333
3 618005036671 13 0.666667
3 618005036671 35 0.666667
3 956174215 74 0.666667
3 956174215 84 0.333333
3 956174215 42 0.333333
3 956174215 50 0.333333
3 956174215 100 0.333333
3 956174215 44 0.333333
3 956174215 98 0.666667
3 956174215 76 0.666667
3 838606607 74 0.666667
3 838606607 84 0.333333
3 838606607 50 0.333333
3 838606607 100 0.333333
3 838606607 42 0.333333
3 838606607 44 0.333333
3 838606607 98 0.666667
3 838606607 76 0.666667
3 603471391 44 0.333333
3 603471391 50 0.333333
3 603471391 42 0.333333
3 603471391 84 0.333333
3 603471391 74 0.666667
3 603471391 98 0.666667
3 603471391 76 0.666667
3 603471391 100 0.333333
3 1044254659 100 0.333333
3 1044254659 44 0.333333
3 1044254659 82 0.333333
3 1044254659 52 0.666667
3 1044254659 42 0.333333
3 1044254659 26 0.666667
3 1044254659 50 0.333333
3 1044254659 28 0.666667
3 1014767495 44 0.333333
3 1014767495 100 0.333333
3 1014767495 52 0.666667
3 1014767495 82 0.333333
3 1014767495 42 0.333333
3 1014767495 50 0.333333
3 1014767495 28 0.666667
3 1014767495 26 0.666667
3 1058998241 52 0.666667
3 1058998241 82 0.333333
3 1058998241 26 0.666667
3 1058998241 100 0.333333
3 1058998241 42 0.333333
3 1058998241 44 0.333333
3 1058998241 50 0.333333
3 1058998241 28 0.666667
3 955793167 26 0.666667
3 955793167 52 0.666667
3 955793167 44 0.333333
3 955793167 42 0.333333
3 955793167 82 0.333333
3 955793167 100 0.333333
3 955793167 28 0.666667
3 955793167 50 0.333333
3 1014958019 100 0.333333
3 1014958019 42 0.333333
3 1014958019 50 0.333333
3 1014958019 84 0.333333
3 1014958019 74 0.666667
3 1014958019 44 0.333333
3 1014958019 98 0.666667
3 1014958019 76 0.666667
4 566666739215 15 1.33333
4 566666739215 51 0.266667
4 566666739215 102 0.4
4 566666739215 86 0.133333
4 566666739215 101 0.266667
4 566666739215 78 0.133333
4 566666739215 45 0.266667
4 566666739215 23 0.533333
4 566666739215 46 0.266667
4 566666739215 54 0.133333
4 566666739215 43 0.266667
4 566666739215 108 0.133333
4 566666739215 39 0.8
4 566666739215 71 0.266667
4 33318534655 43 0.266667
4 33318534655 101 0.266667
4 33318534655 58 0.133333
4 33318534655 102 0.133333
4 33318534655 39 1.2
4 33318534655 116 0.133333
4 33318534655 60 0.133333
4 33318534655 71 0.4
4 33318534655 15 2.13333
4 33318534655 23 0.8
4 33318534655 45 0.266667
4 33318534655 86 0.266667
4 33318534655 51 0.266667
4 832963354495 45 0.266667
4 832963354495 51 0.266667
4 832963354495 116 0.133333
4 832963354495 39 1.2
4 832963354495 71 0.4
4 832963354495 60 0.133333
4 832963354495 15 2.13333
4 832963354495 58 0.133333
4 832963354495 102 0.133333
4 832963354495 23 0.666667
4 832963354495 86 0.266667
4 832963354495 101 0.266667
4 832963354495 43 0.266667
4 966237491195 51 0.266667
4 966237491195 71 0.4
4 966237491195 86 0.266667
4 966237491195 15 2.13333
4 966237491195 45 0.266667
4 966237491195 114 0.133333
4 966237491195 54 0.133333
4 966237491195 43 0.266667
4 966237491195 108 0.133333
4 966237491195 39 1.2
4 966237491195 23 0.533333
4 966237491195 106 0.133333
4 966237491195 101 0.266667
4 833215012615 15 1.33333
4 833215012615 51 0.266667
4 833215012615 30 0.133333
4 833215012615 54 0.4
4 833215012615 43 0.266667
4 833215012615 86 0.133333
4 833215012615 101 0.266667
4 833215012615 58 0.133333
4 833215012615 46 0.266667
4 833215012615 23 0.533333
4 833215012615 45 0.266667
4 833215012615 39 0.8
4 833215012615 71 0.266667
4 1032906016705 15 1.33333
4 1032906016705 102 0.4
4 1032906016705 86 0.133333
4 1032906016705 101 0.266667
4 1032906016705 78 0.133333
4 1032906016705 45 0.266667
4 1032906016705 46 0.266667
4 1032906016705 23 0.266667
4 1032906016705 71 0.533333
4 1032906016705 51 0.266667
4 1032906016705 43 0.266667
4 1032906016705 108 0.133333
4 1032906016705 39 0.8
4 566918397455 43 0.266667
4 566918397455 15 1.33333
4 566918397455 86 0.133333
4 566918397455 101 0.266667
4 566918397455 54 0.4
4 566918397455 30 0.133333
4 566918397455 58 0.133333
4 566918397455 46 0.266667
4 566918397455 23 0.533333
4 566918397455 45 0.266667
4 566918397455 51 0.266667
4 566918397455 39 0.8
4 566918397455 71 0.266667
4 566415081215 51 0.266667
4 566415081215 101 0.266667
4 566415081215 39 1.2
4 566415081215 116 0.133333
4 566415081215 30 0.133333
4 566415081215 15 2.26667
4 566415081215 45 0.266667
4 566415081215 23 0.8
4 566415081215 46 0.133333
4 566415081215 71 0.4
4 566415081215 60 0.133333
4 566415081215 58 0.133333
4 566415081215 43 0.266667
4 1032937473985 51 0.266667
4 1032937473985 15 1.33333
4 1032937473985 30 0.133333
4 1032937473985 54 0.4
4 1032937473985 43 0.266667
4 1032937473985 101 0.266667
4 1032937473985 86 0.133333
4 1032937473985 58 0.133333
4 1032937473985 71 0.4
4 1032937473985 45 0.266667
4 1032937473985 46 0.266667
4 1032937473985 23 0.266667
4 1032937473985 39 0.8
4 833089183495 45 0.266667
4 833089183495 102 0.4
4 833089183495 86 0.133333
4 833089183495 23 0.4
4 833089183495 46 0.266667
4 833089183495 78 0.133333
4 833089183495 101 0.266667
4 833089183495 43 0.266667
4 833089183495 108 0.133333
4 833089183495 39 0.8
4 833089183495 71 0.266667
4 833089183495 51 0.266667
4 833089183495 15 1.33333
4 966363320195 45 0.266667
4 966363320195 30 0.133333
4 966363320195 54 0.4
4 966363320195 43 0.266667
4 966363320195 86 0.133333
4 966363320195 23 0.4
4 966363320195 46 0.266667
4 966363320195 101 0.266667
4 966363320195 58 0.133333
4 966363320195 39 0.8
4 966363320195 71 0.266667
4 966363320195 51 0.266667
4 966363320195 15 1.33333
4 966300405635 51 0.266667
4 966300405635 15 1.33333
4 966300405635 102 0.4
4 966300405635 45 0.266667
4 966300405635 86 0.133333
4 966300405635 23 0.266667
4 966300405635 46 0.266667
4 966300405635 78 0.133333
4 966300405635 101 0.266667
4 966300405635 71 0.4
4 966300405635 43 0.266667
4 966300405635 108 0.133333
4 966300405635 39 0.8
4 34325167135 15 1.33333
4 34325167135 51 0.266667
4 34325167135 30 0.133333
4 34325167135 58 0.133333
4 34325167135 86 0.133333
4 34325167135 101 0.266667
4 34325167135 54 0.4
4 34325167135 43 0.133333
4 34325167135 46 0.266667
4 34325167135 23 0.533333
4 34325167135 45 0.266667
4 34325167135 39 0.8
4 34325167135 71 0.266667
4 566415081455 43 0.266667
4 566415081455 106 0.133333
4 566415081455 51 0.266667
4 566415081455 23 0.8
4 566415081455 15 1.6
4 566415081455 45 0.266667
4 566415081455 114 0.133333
4 566415081455 39 1.06667
4 566415081455 108 0.133333
4 566415081455 71 0.266667
4 566415081455 78 0.133333
4 566415081455 101 0.266667
4 832963354615 101 0.266667
4 832963354615 71 0.266667
4 832963354615 39 0.8
4 832963354615 43 0.266667
4 832963354615 51 0.266667
4 832963354615 106 0.133333
4 832963354615 15 1.33333
4 832963354615 114 0.133333
4 832963354615 108 0.133333
4 832963354615 23 0.533333
4 832963354615 45 0.266667
4 1032874559455 101 0.266667
4 1032874559455 15 1.33333
4 1032874559455 43 0.266667
4 1032874559455 23 0.266667
4 1032874559455 45 0.266667
4 1032874559455 58 0.133333
4 1032874559455 39 0.8
4 1032874559455 116 0.133333
4 1032874559455 51 0.266667
4 1032874559455 71 0.533333
4 1032874559455 60 0.133333
4 1032874559485 39 0.8
4 1032874559485 43 0.266667
4 1032874559485 23 0.266667
4 1032874559485 45 0.266667
4 1032874559485 51 0.266667
4 1032874559485 106 0.133333
4 1032874559485 71 0.4
4 1032874559485 101 0.266667
4 1032874559485 15 1.33333
4 1032874559485 114 0.133333
4 1032874559485 108 0.133333
4 966237491135 51 0.266667
4 966237491135 15 1.33333
4 966237491135 43 0.266667
4 966237491135 23 0.266667
4 966237491135 45 0.266667
4 966237491135 58 0.133333
4 966237491135 39 0.8
4 966237491135 116 0.133333
4 966237491135 101 0.266667
4 966237491135 71 0.4
4 966237491135 60 0.133333
4 841695903247 51 0.133333
4 841695903247 43 0.266667
4 841695903247 45 0.266667
4 841695903247 77 0.266667
4 841695903247 99 0.666667
4 841695903247 101 0.266667
4 841695903247 83 0.266667
4 841695903247 105 0.533333
4 841695903247 53 0.266667
4 841695903247 75 0.266667
4 841695903247 102 0.266667
4 16138698239 77 0.133333
4 16138698239 116 0.266667
4 16138698239 105 0.133333
4 16138698239 45 0.8
4 16138698239 99 0.266667
4 16138698239 53 0.533333
4 16138698239 75 0.133333
4 16138698239 43 0.533333
4 16138698239 51 0.266667
4 16138698239 83 0.133333
4 16138698239 106 0.133333
4 16138698239 101 0.266667
4 828668395391 77 0.133333
4 828668395391 51 0.266667
4 828668395391 45 0.8
4 828668395391 99 0.266667
4 828668395391 53 0.533333
4 828668395391 75 0.133333
4 828668395391 43 0.533333
4 828668395391 116 0.266667
4 828668395391 105 0.133333
4 828668395391 106 0.133333
4 828668395391 83 0.133333
4 828668395391 101 0.266667
4 813436679 46 1.33333
4 813436679 54 0.533333
4 813436679 116 0.266667
4 813436679 60 0.266667
4 813436679 102 0.266667
4 813436679 58 0.266667
4 813436679 108 0.4
4 813436679 114 0.266667
4 813436679 106 0.266667
4 33318535135 51 0.266667
4 33318535135 101 0.266667
4 33318535135 71 0.266667
4 33318535135 39 0.8
4 33318535135 108 0.133333
4 33318535135 43 0.133333
4 33318535135 15 1.33333
4 33318535135 114 0.133333
4 33318535135 23 0.533333
4 33318535135 45 0.266667
4 1008601025 46 1.33333
4 1008601025 54 0.266667
4 1008601025 60 0.266667
4 1008601025 108 0.266667
4 1008601025 102 0.533333
4 1008601025 58 0.4
4 1008601025 106 0.266667
4 1008601025 116 0.266667
4 1008601025 114 0.266667
4 553131535 46 1.33333
4 553131535 54 0.533333
4 553131535 116 0.266667
4 553131535 114 0.266667
4 553131535 102 0.266667
4 553131535 58 0.266667
4 553131535 108 0.4
4 553131535 60 0.266667
4 553131535 106 0.266667
4 943460227 46 1.33333
4 943460227 54 0.266667
4 943460227 114 0.266667
4 943460227 108 0.266667
4 943460227 102 0.4
4 943460227 58 0.4
4 943460227 106 0.266667
4 943460227 116 0.266667
4 943460227 60 0.266667
4 943589251 54 0.4
4 943589251 46 1.33333
4 943589251 116 0.266667
4 943589251 60 0.266667
4 943589251 102 0.266667
4 943589251 58 0.266667
4 943589251 108 0.4
4 943589251 114 0.266667
4 943589251 106 0.266667
4 841578462983 99 0.133333
4 841578462983 45 0.266667
4 841578462983 57 0.533333
4 841578462983 85 0.266667
4 841578462983 53 0.666667
4 841578462983 27 0.266667
4 841578462983 51 0.266667
4 841578462983 29 0.266667
4 841578462983 43 0.266667
4 841578462983 54 0.266667
4 575516728855 43 0.266667
4 575516728855 15 1.33333
4 575516728855 101 0.266667
4 575516728855 45 0.266667
4 575516728855 23 0.533333
4 575516728855 51 0.266667
4 575516728855 71 0.266667
4 575516728855 39 0.8
4 1094960557835 15 1.33333
4 1094960557835 51 0.266667
4 1094960557835 101 0.266667
4 1094960557835 45 0.266667
4 1094960557835 23 0.533333
4 1094960557835 43 0.266667
4 1094960557835 39 0.8
4 1094960557835 71 0.266667
4 1094708653595 43 0.266667
4 1094708653595 15 1.33333
4 1094708653595 101 0.266667
4 1094708653595 45 0.266667
4 1094708653595 23 0.533333
4 1094708653595 51 0.266667
4 1094708653595 71 0.266667
4 1094708653595 39 0.8
4 291268721935 15 1.33333
4 291268721935 51 0.266667
4 291268721935 101 0.266667
4 291268721935 45 0.266667
4 291268721935 23 0.533333
4 291268721935 43 0.266667
4 291268721935 39 0.8
4 291268721935 71 0.266667
4 837514178315 15 1.33333
4 837514178315 51 0.266667
4 837514178315 101 0.266667
4 837514178315 45 0.266667
4 837514178315 23 0.533333
4 837514178315 43 0.266667
4 837514178315 39 0.8
4 837514178315 71 0.266667
4 1090661392135 15 1.33333
4 1090661392135 51 0.266667
4 1090661392135 101 0.266667
4 1090661392135 45 0.266667
4 1090661392135 23 0.533333
4 1090661392135 43 0.266667
4 1090661392135 39 0.8
4 1090661392135 71 0.266667
4 35620833 101 0.266667
4 35620833 15 1.33333
4 35620833 39 0.8
4 35620833 51 0.266667
4 35620833 71 0.533333
4 35620833 45 0.266667
4 35620833 23 0.266667
4 35620833 43 0.266667
4 839412348685 15 1.33333
4 839412348685 51 0.266667
4 839412348685 101 0.266667
4 839412348685 45 0.266667
4 839412348685 23 0.533333
4 839412348685 43 0.266667
4 839412348685 39 0.8
4 839412348685 71 0.266667
4 1030693488545 101 0.266667
4 1030693488545 15 1.33333
4 1030693488545 39 0.8
4 1030693488545 51 0.266667
4 1030693488545 71 0.533333
4 1030693488545 45 0.266667
4 1030693488545 23 0.266667
4 1030693488545 43 0.266667
4 839412103165 15 1.33333
4 839412103165 51 0.266667
4 839412103165 101 0.266667
4 839412103165 45 0.266667
4 839412103165 23 0.533333
4 839412103165 43 0.266667
4 839412103165 39 0.8
4 839412103165 71 0.266667
4 1032874590145 101 0.266667
4 1032874590145 15 1.33333
4 1032874590145 39 0.8
4 1032874590145 51 0.266667
4 1032874590145 71 0.533333
4 1032874590145 45 0.266667
4 1032874590145 23 0.266667
4 1032874590145 43 0.266667
4 32521247 46 1.33333
4 32521247 54 0.533333
4 32521247 108 0.4
4 32521247 60 0.266667
4 32521247 102 0.266667
4 32521247 58 0.266667
4 32521247 114 0.266667
4 32521247 116 0.266667
4 32521247 106 0.133333
4 538476063 43 0.266667
4 538476063 15 1.33333
4 538476063 101 0.266667
4 538476063 45 0.266667
4 538476063 23 0.533333
4 538476063 51 0.266667
4 538476063 71 0.266667
4 538476063 39 0.8
4 837262765835 15 1.33333
4 837262765835 51 0.266667
4 837262765835 101 0.266667
4 837262765835 45 0.266667
4 837262765835 23 0.533333
4 837262765835 43 0.266667
4 837262765835 39 0.8
4 837262765835 71 0.266667
4 824113118735 15 1.33333
4 824113118735 51 0.266667
4 824113118735 101 0.266667
4 824113118735 45 0.266667
4 824113118735 23 0.533333
4 824113118735 43 0.266667
4 824113118735 39 0.8
4 824113118735 71 0.266667
4 832963600135 15 1.33333
4 832963600135 51 0.266667
4 832963600135 101 0.266667
4 832963600135 45 0.266667
4 832963600135 23 0.533333
4 832963600135 43 0.266667
4 832963600135 39 0.8
4 832963600135 71 0.266667
4 1042253313 101 0.266667
4 1042253313 15 1.33333
4 1042253313 39 0.8
4 1042253313 51 0.266667
4 1042253313 71 0.533333
4 1042253313 45 0.266667
4 1042253313 23 0.266667
4 1042253313 43 0.266667
4 1083153596175 15 1.33333
4 1083153596175 51 0.266667
4 1083153596175 101 0.266667
4 1083153596175 45 0.266667
4 1083153596175 23 0.533333
4 1083153596175 43 0.266667
4 1083153596175 39 0.8
4 1083153596175 71 0.266667
4 998512691105 101 0.266667
4 998512691105 15 1.33333
4 998512691105 39 0.8
4 998512691105 51 0.266667
4 998512691105 71 0.533333
4 998512691105 45 0.266667
4 998512691105 23 0.266667
4 998512691105 43 0.266667
4 516974706145 101 0.266667
4 516974706145 15 1.33333
4 516974706145 39 0.8
4 516974706145 51 0.266667
4 516974706145 71 0.533333
4 516974706145 45 0.266667
4 516974706145 23 0.266667
4 516974706145 43 0.266667
4 821837568 15 1.33333
4 821837568 51 0.266667
4 821837568 101 0.266667
4 821837568 45 0.266667
4 821837568 23 0.533333
4 821837568 43 0.266667
4 821837568 39 0.8
4 821837568 71 0.266667
4 1065086814145 101 0.266667
4 1065086814145 15 1.33333
4 1065086814145 39 0.8
4 1065086814145 51 0.266667
4 1065086814145 71 0.533333
4 1065086814145 45 0.266667
4 1065086814145 23 0.266667
4 1065086814145 43 0.266667
5 16113483263 118 0.0888889
5 16113483263 107 0.266667
5 16113483263 61 0.0888889
5 16113483263 109 0.4
5 16113483263 55 0.444444
5 16113483263 115 0.177778
5 16113483263 47 1.15556
5 16113483263 117 0.266667
5 16113483263 59 0.0888889
5 16113483263 103 0.222222
5 828662091647 118 0.0888889
5 828662091647 107 0.266667
5 828662091647 115 0.177778
5 828662091647 109 0.4
5 828662091647 47 1.15556
5 828662091647 117 0.266667
5 828662091647 55 0.355556
5 828662091647 61 0.0888889
5 828662091647 59 0.0888889
5 828662091647 103 0.222222
5 557812555519 107 0.0888889
5 557812555519 115 0.0888889
5 557812555519 109 0.133333
5 557812555519 55 0.444444
5 557812555519 47 1.2
5 557812555519 62 0.0444444
5 557812555519 117 0.0888889
5 557812555519 61 0.0888889
5 557812555519 59 0.0888889
5 557812555519 103 0.222222
5 1968065 115 0.0888889
5 1968065 117 0.0888889
5 1968065 107 0.0888889
5 1968065 59 0.133333
5 1968065 103 0.355556
5 1968065 47 0.888889
5 1968065 55 0.177778
5 1968065 61 0.0888889
5 1968065 109 0.0888889
5 963953690621 61 0.0888889
5 963953690621 117 0.0888889
5 963953690621 107 0.0888889
5 963953690621 55 0.177778
5 963953690621 115 0.0888889
5 963953690621 47 0.888889
5 963953690621 109 0.0888889
5 963953690621 59 0.133333
5 963953690621 103 0.266667
5 207869642689 55 0.266667
5 207869642689 124 0.0444444
5 207869642689 59 0.0888889
5 207869642689 87 0.177778
5 207869642689 118 0.133333
5 207869642689 31 0.444444
5 207869642689 62 0.0888889
5 207869642689 117 0.0888889
5 207869642689 61 0.0888889
5 207869642689 94 0.0444444
5 563690880527 103 0.266667
5 563690880527 115 0.0888889
5 563690880527 109 0.0888889
5 563690880527 87 0.177778
5 563690880527 110 0.0888889
5 563690880527 79 0.444444
5 563690880527 94 0.0444444
5 563690880527 122 0.0444444
5 563690880527 107 0.0888889
5 563690880527 118 0.133333
5 563187564287 107 0.0888889
5 563187564287 122 0.0444444
5 563187564287 124 0.0444444
5 563187564287 110 0.0444444
5 563187564287 103 0.4
5 563187564287 115 0.0888889
5 563187564287 94 0.0444444
5 563187564287 79 0.755556
5 563187564287 87 0.266667
5 563187564287 109 0.0888889
5 27870133279 103 0.266667
5 27870133279 109 0.0888889
5 27870133279 87 0.177778
5 27870133279 110 0.0888889
5 27870133279 115 0.0888889
5 27870133279 79 0.444444
5 27870133279 94 0.0444444
5 27870133279 122 0.0444444
5 27870133279 107 0.0444444
5 27870133279 118 0.133333
5 31097650207 103 0.266667
5 31097650207 109 0.0888889
5 31097650207 87 0.177778
5 31097650207 110 0.0888889
5 31097650207 115 0.0888889
5 31097650207 79 0.444444
5 31097650207 94 0.0444444
5 31097650207 122 0.0444444
5 31097650207 107 0.0444444
5 31097650207 118 0.133333
5 558076792327 107 0.0888889
5 558076792327 115 0.0888889
5 558076792327 109 0.133333
5 558076792327 55 0.177778
5 558076792327 47 0.444444
5 558076792327 117 0.0888889
5 558076792327 61 0.0888889
5 558076792327 59 0.0888889
5 558076792327 103 0.0888889
5 282666204423 107 0.0888889
5 282666204423 115 0.0888889
5 282666204423 109 0.133333
5 282666204423 55 0.177778
5 282666204423 47 0.444444
5 282666204423 117 0.0888889
5 282666204423 61 0.0888889
5 282666204423 59 0.0888889
5 282666204423 103 0.0888889
5 282665950719 107 0.0888889
5 282665950719 115 0.0888889
5 282665950719 109 0.133333
5 282665950719 55 0.177778
5 282665950719 47 0.444444
5 282665950719 117 0.0888889
5 282665950719 61 0.0888889
5 282665950719 59 0.0888889
5 282665950719 103 0.0888889
5 549153277377 115 0.0888889
5 549153277377 117 0.0888889
5 549153277377 107 0.0888889
5 549153277377 55 0.0888889
5 549153277377 47 0.444444
5 549153277377 61 0.0888889
5 549153277377 109 0.0888889
5 549153277377 59 0.133333
5 549153277377 103 0.177778
5 1032807022529 115 0.0888889
5 1032807022529 117 0.0888889
5 1032807022529 107 0.0888889
5 1032807022529 55 0.0888889
5 1032807022529 47 0.444444
5 1032807022529 61 0.0888889
5 1032807022529 109 0.0888889
5 1032807022529 59 0.133333
5 1032807022529 103 0.177778
5 584050411457 115 0.0888889
5 584050411457 117 0.0888889
5 584050411457 107 0.0888889
5 584050411457 55 0.0888889
5 584050411457 47 0.444444
5 584050411457 61 0.0888889
5 584050411457 109 0.0888889
5 584050411457 59 0.133333
5 584050411457 103 0.177778
5 482646296001 115 0.0888889
5 482646296001 117 0.0888889
5 482646296001 107 0.0888889
5 482646296001 55 0.0888889
5 482646296001 47 0.444444
5 482646296001 61 0.0888889
5 482646296001 109 0.0888889
5 482646296001 59 0.133333
5 482646296001 103 0.177778
5 566407169551 107 0.0888889
5 566407169551 61 0.0888889
5 566407169551 109 0.133333
5 566407169551 55 0.177778
5 566407169551 115 0.0888889
5 566407169551 47 0.444444
5 566407169551 117 0.0888889
5 566407169551 59 0.0888889
5 566407169551 103 0.0888889
5 16641956879 107 0.0888889
5 16641956879 61 0.0888889
5 16641956879 109 0.133333
5 16641956879 55 0.177778
5 16641956879 115 0.0888889
5 16641956879 47 0.444444
5 16641956879 117 0.0888889
5 16641956879 59 0.0888889
5 16641956879 103 0.0888889
5 1096841434637 107 0.0888889
5 1096841434637 61 0.0888889
5 1096841434637 109 0.133333
5 1096841434637 55 0.177778
5 1096841434637 115 0.0888889
5 1096841434637 47 0.444444
5 1096841434637 117 0.0888889
5 1096841434637 59 0.0888889
5 1096841434637 103 0.0888889
5 548697807887 107 0.0888889
5 548697807887 61 0.0888889
5 548697807887 109 0.133333
5 548697807887 55 0.177778
5 548697807887 115 0.0888889
5 548697807887 47 0.444444
5 548697807887 117 0.0888889
5 548697807887 59 0.0888889
5 548697807887 103 0.0888889
5 557812809223 107 0.0888889
5 557812809223 115 0.0888889
5 557812809223 109 0.133333
5 557812809223 55 0.177778
5 557812809223 47 0.444444
5 557812809223 117 0.0888889
5 557812809223 61 0.0888889
5 557812809223 59 0.0888889
5 557812809223 103 0.0888889
5 824104717831 107 0.0888889
5 824104717831 115 0.0888889
5 824104717831 109 0.133333
5 824104717831 55 0.177778
5 824104717831 47 0.444444
5 824104717831 117 0.0888889
5 824104717831 61 0.0888889
5 824104717831 59 0.0888889
5 824104717831 103 0.0888889
5 566903709199 107 0.0888889
5 566903709199 61 0.0888889
5 566903709199 109 0.133333
5 566903709199 55 0.177778
5 566903709199 115 0.0888889
5 566903709199 47 0.444444
5 566903709199 117 0.0888889
5 566903709199 59 0.0888889
5 566903709199 103 0.0888889
5 1083145195271 107 0.0888889
5 1083145195271 115 0.0888889
5 1083145195271 109 0.133333
5 1083145195271 55 0.177778
5 1083145195271 47 0.444444
5 1083145195271 117 0.0888889
5 1083145195271 61 0.0888889
5 1083145195271 59 0.0888889
5 1083145195271 103 0.0888889
5 537402895 107 0.0888889
5 537402895 61 0.0888889
5 537402895 109 0.133333
5 537402895 55 0.177778
5 537402895 115 0.0888889
5 537402895 47 0.444444
5 537402895 117 0.0888889
5 537402895 59 0.0888889
5 537402895 103 0.0888889
5 564257110013 107 0.0888889
5 564257110013 61 0.0888889
5 564257110013 109 0.133333
5 564257110013 55 0.177778
5 564257110013 115 0.0888889
5 564257110013 47 0.444444
5 564257110013 117 0.0888889
5 564257110013 59 0.0888889
5 564257110013 103 0.0888889
5 1066778762767 107 0.0888889
5 1066778762767 61 0.0888889
5 1066778762767 109 0.133333
5 1066778762767 55 0.177778
5 1066778762767 115 0.0888889
5 1066778762767 47 0.444444
5 1066778762767 117 0.0888889
5 1066778762767 59 0.0888889
5 1066778762767 103 0.0888889
5 564257617421 107 0.0888889
5 564257617421 61 0.0888889
5 564257617421 109 0.133333
5 564257617421 55 0.177778
5 564257617421 115 0.0888889
5 564257617421 47 0.444444
5 564257617421 117 0.0888889
5 564257617421 59 0.0888889
5 564257617421 103 0.0888889
5 757660845823 115 0.0888889
5 757660845823 117 0.0888889
5 757660845823 107 0.0888889
5 757660845823 55 0.0888889
5 757660845823 47 0.444444
5 757660845823 61 0.0888889
5 757660845823 109 0.0888889
5 757660845823 59 0.133333
5 757660845823 103 0.177778
5 564785583629 107 0.0888889
5 564785583629 61 0.0888889
5 564785583629 109 0.133333
5 564785583629 55 0.177778
5 564785583629 115 0.0888889
5 564785583629 47 0.444444
5 564785583629 117 0.0888889
5 564785583629 59 0.0888889
5 564785583629 103 0.0888889
5 824299882177 115 0.0888889
5 824299882177 117 0.0888889
5 824299882177 107 0.0888889
5 824299882177 55 0.0888889
5 824299882177 47 0.444444
5 824299882177 61 0.0888889
5 824299882177 109 0.0888889
5 824299882177 59 0.133333
5 824299882177 103 0.177778
5 282930187527 107 0.0888889
5 282930187527 115 0.0888889
5 282930187527 109 0.133333
5 282930187527 55 0.177778
5 282930187527 47 0.444444
5 282930187527 117 0.0888889
5 282930187527 61 0.0888889
5 282930187527 59 0.0888889
5 282930187527 103 0.0888889
5 16113990671 107 0.0888889
5 16113990671 61 0.0888889
5 16113990671 109 0.133333
5 16113990671 55 0.177778
5 16113990671 115 0.0888889
5 16113990671 47 0.444444
5 16113990671 117 0.0888889
5 16113990671 59 0.0888889
5 16113990671 103 0.0888889
5 548958113031 107 0.0888889
5 548958113031 115 0.0888889
5 548958113031 109 0.133333
5 548958113031 55 0.177778
5 548958113031 47 0.444444
5 548958113031 117 0.0888889
5 548958113031 61 0.0888889
5 548958113031 59 0.0888889
5 548958113031 103 0.0888889
5 482514241023 115 0.0888889
5 482514241023 117 0.0888889
5 482514241023 107 0.0888889
5 482514241023 55 0.0888889
5 482514241023 47 0.444444
5 482514241023 61 0.0888889
5 482514241023 109 0.0888889
5 482514241023 59 0.133333
5 482514241023 103 0.177778
5 482514304449 115 0.0888889
5 482514304449 117 0.0888889
5 482514304449 107 0.0888889
5 482514304449 55 0.0888889
5 482514304449 47 0.444444
5 482514304449 61 0.0888889
5 482514304449 109 0.0888889
5 482514304449 59 0.133333
5 482514304449 103 0.177778
5 1032436189121 115 0.0888889
5 1032436189121 117 0.0888889
5 1032436189121 107 0.0888889
5 1032436189121 55 0.0888889
5 1032436189121 47 0.444444
5 1032436189121 61 0.0888889
5 1032436189121 109 0.0888889
5 1032436189121 59 0.133333
5 1032436189121 103 0.177778
5 757792900801 115 0.0888889
5 757792900801 117 0.0888889
5 757792900801 107 0.0888889
5 757792900801 55 0.0888889
5 757792900801 47 0.444444
5 757792900801 61 0.0888889
5 757792900801 109 0.0888889
5 757792900801 59 0.133333
5 757792900801 103 0.177778
5 757660909249 115 0.0888889
5 757660909249 117 0.0888889
5 757660909249 107 0.0888889
5 757660909249 55 0.0888889
5 757660909249 47 0.444444
5 757660909249 61 0.0888889
5 757660909249 109 0.0888889
5 757660909249 59 0.133333
5 757660909249 103 0.177778
5 566406680551 103 0.0888889
5 566406680551 118 0.177778
5 566406680551 110 0.488889
5 566406680551 55 0.266667
5 566406680551 122 0.0888889
5 566406680551 47 0.533333
5 566406680551 124 0.0888889
5 691088789247 107 0.0888889
5 691088789247 115 0.0888889
5 691088789247 109 0.133333
5 691088789247 47 0.444444
5 691088789247 117 0.0888889
5 691088789247 55 0.133333
5 691088789247 61 0.0888889
5 691088789247 59 0.0888889
5 691088789247 103 0.0888889
5 828662218499 107 0.0888889
5 828662218499 115 0.0888889
5 828662218499 109 0.133333
5 828662218499 47 0.444444
5 828662218499 117 0.0888889
5 828662218499 55 0.133333
5 828662218499 61 0.0888889
5 828662218499 59 0.0888889
5 828662218499 103 0.0888889
5 691088916099 107 0.0888889
5 691088916099 115 0.0888889
5 691088916099 109 0.133333
5 691088916099 47 0.444444
5 691088916099 117 0.0888889
5 691088916099 55 0.133333
5 691088916099 61 0.0888889
5 691088916099 59 0.0888889
5 691088916099 103 0.0888889
5 415942311299 107 0.0888889
5 415942311299 115 0.0888889
5 415942311299 109 0.133333
5 415942311299 47 0.444444
5 415942311299 117 0.0888889
5 415942311299 55 0.133333
5 415942311299 61 0.0888889
5 415942311299 59 0.0888889
5 415942311299 103 0.0888889
5 961808172803 107 0.0888889
5 961808172803 115 0.0888889
5 961808172803 109 0.133333
5 961808172803 47 0.444444
5 961808172803 117 0.0888889
5 961808172803 55 0.133333
5 961808172803 61 0.0888889
5 961808172803 59 0.0888889
5 961808172803 103 0.0888889
5 549088265603 107 0.0888889
5 549088265603 115 0.0888889
5 549088265603 109 0.133333
5 549088265603 47 0.444444
5 549088265603 117 0.0888889
5 549088265603 55 0.133333
5 549088265603 61 0.0888889
5 549088265603 59 0.0888889
5 549088265603 103 0.0888889
5 824234870403 107 0.0888889
5 824234870403 115 0.0888889
5 824234870403 109 0.133333
5 824234870403 47 0.444444
5 824234870403 117 0.0888889
5 824234870403 55 0.133333
5 824234870403 61 0.0888889
5 824234870403 59 0.0888889
5 824234870403 103 0.0888889
5 416074302851 107 0.0888889
5 416074302851 115 0.0888889
5 416074302851 109 0.133333
5 416074302851 47 0.444444
5 416074302851 117 0.0888889
5 416074302851 55 0.133333
5 416074302851 61 0.0888889
5 416074302851 59 0.0888889
5 416074302851 103 0.0888889
5 828794210051 107 0.0888889
5 828794210051 115 0.0888889
5 828794210051 109 0.133333
5 828794210051 47 0.444444
5 828794210051 117 0.0888889
5 828794210051 55 0.133333
5 828794210051 61 0.0888889
5 828794210051 59 0.0888889
5 828794210051 103 0.0888889
6 16113470951 125 0.0507937
6 16113470951 123 0.0507937
6 16113470951 119 0.177778
6 16113470951 111 0.469841
6 3222289919 119 0.0634921
6 3222289919 63 0.330159
6 3222289919 123 0.0761905
6 3222289919 125 0.114286
6 12889112063 125 0.0761905
6 12889112063 111 0.0634921
6 12889112063 126 0.0253968
6 12889112063 123 0.0507937
6 12889112063 63 0.126984
6 3223064447 125 0.0761905
6 3223064447 111 0.0634921
6 3223064447 126 0.0253968
6 3223064447 63 0.101587
6 3223064447 123 0.0507937
6 550300553191 125 0.0507937
6 550300553191 123 0.0507937
6 550300553191 119 0.101587
6 550300553191 111 0.266667
6 557812549363 123 0.0253968
6 557812549363 125 0.0253968
6 557812549363 119 0.126984
6 557812549363 126 0.0126984
6 557812549363 111 0.342857
6 16107179519 123 0.0253968
6 16107179519 111 0.330159
6 16107179519 125 0.0253968
6 16107179519 119 0.126984
6 2015102879 125 0.0253968
6 2015102879 63 0.253968
6 2015102879 123 0.0253968
6 2015102879 119 0.101587
6 1574657 125 0.0253968
6 1574657 63 0.253968
6 1574657 123 0.0253968
6 1574657 119 0.101587
6 2015264513 125 0.0253968
6 2015264513 119 0.0507937
6 2015264513 123 0.0380952
6 2015264513 111 0.253968
6 963953297213 119 0.0761905
6 963953297213 125 0.0253968
6 963953297213 123 0.0253968
6 963953297213 63 0.253968
6 26793243679 123 0.0126984
6 26793243679 126 0.0253968
6 26793243679 119 0.0761905
6 26793243679 95 0.126984
6 26793243679 125 0.0253968
6 545470290959 123 0.0253968
6 545470290959 111 0.126984
6 545470290959 125 0.0253968
6 545470290959 119 0.0507937
6 537396739 123 0.0253968
6 537396739 111 0.126984
6 537396739 125 0.0253968
6 537396739 119 0.0507937
6 551875515917 123 0.0253968
6 551875515917 111 0.126984
6 551875515917 125 0.0253968
6 551875515917 119 0.0507937
6 551621758471 123 0.0253968
6 551621758471 125 0.0253968
6 551621758471 119 0.0507937
6 551621758471 111 0.126984
6 1032435795713 119 0.0507937
6 1032435795713 125 0.0253968
6 1032435795713 123 0.0253968
6 1032435795713 63 0.126984
6 276387202497 119 0.0507937
6 276387202497 125 0.0253968
6 276387202497 123 0.0253968
6 276387202497 63 0.126984
6 13414439951 123 0.0253968
6 13414439951 111 0.126984
6 13414439951 125 0.0253968
6 13414439951 119 0.0507937
6 551533807297 119 0.0507937
6 551533807297 125 0.0253968
6 551533807297 123 0.0253968
6 551533807297 63 0.126984
6 482514044319 119 0.0507937
6 482514044319 125 0.0253968
6 482514044319 123 0.0253968
6 482514044319 63 0.126984
6 276475153671 123 0.0253968
6 276475153671 125 0.0253968
6 276475153671 119 0.0507937
6 276475153671 111 0.126984
6 3731889167 123 0.0253968
6 3731889167 111 0.126984
6 3731889167 125 0.0253968
6 3731889167 119 0.0507937
6 282665944563 123 0.0253968
6 282665944563 125 0.0253968
6 282665944563 119 0.0507937
6 282665944563 111 0.126984
6 553515487207 63 0.152381
6 553515487207 119 0.0253968
6 553515487207 126 0.139683
6 1574465 111 0.101587
6 1574465 63 0.0507937
6 1574465 123 0.0253968
6 1574465 125 0.0253968
6 1209270209 111 0.101587
6 1209270209 63 0.0507937
6 1209270209 123 0.0253968
6 1209270209 125 0.0253968
6 1180865 111 0.101587
6 1180865 63 0.0507937
6 1180865 123 0.0253968
6 1180865 125 0.0253968
6 1341261761 111 0.101587
6 1341261761 63 0.0507937
6 1341261761 123 0.0253968
6 1341261761 125 0.0253968
6 1612316609 111 0.101587
6 1612316609 63 0.0507937
6 1612316609 123 0.0253968
6 1612316609 125 0.0253968
6 557812796929 119 0.0253968
6 557812796929 63 0.126984
6 557812796929 123 0.0253968
6 557812796929 125 0.0380952
6 811213524487 119 0.0253968
6 811213524487 63 0.126984
6 811213524487 123 0.0253968
6 811213524487 125 0.0380952
6 550301048323 119 0.0253968
6 550301048323 63 0.126984
6 550301048323 123 0.0253968
6 550301048323 125 0.0380952
6 1066766173711 119 0.0253968
6 1066766173711 63 0.126984
6 1066766173711 123 0.0253968
6 1066766173711 125 0.0380952
6 522915421199 119 0.0253968
6 522915421199 63 0.126984
6 522915421199 123 0.0253968
6 522915421199 125 0.0380952
6 3222797327 119 0.0253968
6 3222797327 63 0.126984
6 3222797327 123 0.0253968
6 3222797327 125 0.0380952
6 1065701873167 119 0.0253968
6 1065701873167 63 0.126984
6 1065701873167 123 0.0253968
6 1065701873167 125 0.0380952
6 825566693123 123 0.0253968
6 825566693123 125 0.0253968
6 825566693123 111 0.126984
6 825566693123 119 0.0380952
6 415942305152 119 0.0253968
6 415942305152 63 0.126984
6 415942305152 123 0.0253968
6 415942305152 125 0.0380952
6 445872735681 123 0.0380952
6 445872735681 125 0.0253968
6 445872735681 119 0.0253968
6 445872735681 111 0.126984
6 828662212352 119 0.0253968
6 828662212352 63 0.126984
6 828662212352 123 0.0253968
6 828662212352 125 0.0380952
6 691088909952 119 0.0253968
6 691088909952 63 0.126984
6 691088909952 123 0.0253968
6 691088909952 125 0.0380952
6 536066919687 119 0.0253968
6 536066919687 63 0.126984
6 536066919687 123 0.0253968
6 536066919687 125 0.0380952
6 757660810753 123 0.0380952
6 757660810753 125 0.0253968
6 757660810753 119 0.0253968
6 757660810753 111 0.126984
6 482514205953 123 0.0380952
6 482514205953 125 0.0253968
6 482514205953 119 0.0253968
6 482514205953 111 0.126984
6 412846785923 123 0.0253968
6 412846785923 125 0.0253968
6 412846785923 111 0.126984
6 412846785923 119 0.0380952
6 583848691649 123 0.0380952
6 583848691649 125 0.0253968
6 583848691649 119 0.0253968
6 583848691649 111 0.126984
6 33489029057 123 0.0380952
6 33489029057 125 0.0253968
6 33489029057 119 0.0253968
6 33489029057 111 0.126984
6 282666192129 119 0.0253968
6 282666192129 63 0.126984
6 282666192129 123 0.0253968
6 282666192129 125 0.0380952
6 3224382975 119 0.0761905
6 3224382975 63 0.0253968
6 3224382975 111 0.114286
