       0 0 -1 0 -1 +1 0 -2 -1 -2
          0 0 +1 0 +1 -1 0 +2 +1 +2
          0 0 +1 0 +1 +1 0 -2 +1 -2
          0 0 -1 0 -1 -1 0 +2 -1 +2
       0 0 +1 0 +1 +1 0 -2 +1 -2
          0 0 +1 0 +1 -1 0 +2 +1 +2
          0 0 -1 0 -1 +1 0 -2 -1 -2
          0 0 -1 0 -1 -1 0 +2 -1 +2
       0 0 -2 0 +1 0 -2 -1 +1 +2
          0 0 -1 0 +2 0 -1 +2 +2 -1
          0 0 +2 0 -1 0 +2 +1 -1 -2
          0 0 +1 0 -2 0 +1 -2 -2 +1
       0 0 -1 0 +2 0 -1 +2 +2 -1
          0 0 +2 0 -1 0 +2 +1 -1 -2
          0 0 +1 0 -2 0 +1 -2 -2 +1
          0 0 -2 0 +1 0 -2 -1 +1 +2

          copied from public/tetris.coffee's Data.SRS section

  source: http://harddrop.com/wiki/SRS
